778 3
779 2
780 7
781 5
782 9
783 6
784 6
785 4
786 4
787 2
788 3
789 1
790 4
791 7
792 13
793 22
794 48
795 53
796 34
797 35
798 76
799 144
800 126
801 97
802 247
803 202
804 418
805 502
806 335
807 437
808 706
809 1104
810 1180
811 897
812 933
813 1377
814 1398
815 1963
816 2110
817 1903
818 2101
819 2230
820 3088
821 2932
822 2774
823 2985
824 3301
825 3259
826 3003
827 3022
828 3300
829 3498
830 3042
831 2894
832 3030
833 2723
834 2574
835 2512
836 2207
837 2045
838 2232
839 2072
840 1744
841 1952
842 1843
843 1351
844 1134
845 918
846 701
847 976
848 852
849 823
850 656
851 539
852 389
853 365
854 376
855 247
856 287
857 314
858 354
859 397
860 346
861 238
862 263
863 214
864 91
865 104
866 161
867 158
868 189
869 238
870 220
871 216
872 232
873 113
874 164
875 213
876 235
877 133
878 71
879 74
880 39
881 21
882 24
883 45
884 139
885 148
886 62
887 33
888 61
889 76
890 54
891 59
892 22
893 9
894 15
895 40
896 91
897 101
898 55
899 60
900 86
901 52
902 58
903 88
904 34
905 6
906 10
907 6
908 17
909 26
910 36
911 25
912 12
913 9
914 10
915 10
916 35
917 48
918 32
919 27
920 43
921 28
922 8
923 15
924 69
925 41
926 15
927 22
928 26
929 29
930 7
931 4
933 1
934 2
935 1
937 2
939 2
940 1
941 1
944 1
952 1
961 1
971 1
977 2
979 1
984 1
987 1
990 1
992 1
1002 1
1019 1
1032 1
1048 1
1061 1
1074 1
1089 1
1100 1
1110 1
1128 1
1152 1
1177 1
1199 1
1218 1
1230 1
1233 1
1236 1
1237 1
1238 1
1239 1
1241 1
1243 1
1263 1
1268 1
1274 1
1275 1
1277 1
1281 2
1285 1
1289 1
1290 2
1292 1
1293 1
1295 1
1297 1
1299 1
1306 1
1310 1
1311 1
1312 2
1316 1
1317 1
1319 1
1320 1
1324 1
1326 1
1330 1
1331 1
1334 1
1339 1
1341 1
1347 1
1354 1
1368 1
1380 1
1384 1
1388 1
1389 1
1390 1
1391 1
1395 1
1408 1
1425 1
1431 1
1447 1
1465 1
1472 1
1489 1
1503 1
1551 1
1575 1
1623 1
1635 1
1639 1
1641 1
1644 1
1648 1
1651 2
1659 1
1666 1
1672 1
1683 1
1694 1
1697 1
1702 1
1704 1
1706 1
1707 1
1709 1
1710 1
1712 1
1718 1
1729 1
1748 1
1754 1
1760 1
1766 1
1769 1
1773 1
1780 1
1804 1
1811 1
1829 1
1840 1
1862 1
1929 1
1946 1
1970 1
2015 1
2088 1
2136 1
2201 1
2235 1
2383 1
2430 1
2665 1
2695 1
2773 1
2817 1
3065 1
3175 1
3265 1
3335 1
3430 1
3472 1
3658 1
3919 1
3988 1
4064 1
4135 1
4295 1
4413 1
4459 1
4530 1
4613 1
4661 1
4802 1
4874 1
4979 1
5003 1
5006 1
5007 1
5009 1
5010 1
5012 1
5013 1
5020 1
5023 1
5026 2
5027 2
5029 1
5033 1
5037 1
5040 1
5041 1
5045 1
5049 2
5052 1
5055 1
5065 1
5069 1
5072 1
5074 1
5076 1
5077 1
5078 1
5079 1
5080 1
5081 1
5082 1
5084 1
5086 1
5094 1
5105 1
5113 1
5121 1
5129 1
5131 1
5134 1
5136 1
5139 1
5143 2
5144 1
5145 1
5149 1
5151 1
5154 1
5156 1
5159 1
5162 1
5163 1
5165 1
5168 1
5175 1
5182 2
5189 1
5190 1
5191 1
5195 1
5198 2
5201 1
5205 1
5212 1
5220 1
5236 1
5240 1
5246 1
5252 1
5275 1
5284 1
5294 1
5297 1
5302 1
5305 1
5310 1
5314 2
5316 1
5317 1
5319 1
5322 2
5323 1
5325 1
5329 1
5332 1
5333 1
5337 2
5338 1
5339 1
5340 1
5343 1
5344 1
5346 1
5349 1
5355 1
5358 1
5362 1
5365 1
5370 1
5379 1
5383 1
5385 1
5388 1
5394 1
5395 1
5397 1
5399 1
5402 1
5404 2
5406 1
5408 1
5410 1
5411 1
5415 2
5416 1
5421 1
5423 1
5424 1
5425 1
5426 1
5427 1
5429 1
5432 1
5434 1
5441 1
5443 1
5444 1
5446 1
5448 1
5449 1
5451 1
5453 1
5457 1
5460 1
5467 1
5469 1
5472 1
5473 1
5474 1
5478 1
5479 1
5485 2
5487 1
5490 1
5494 1
5496 1
5498 1
5499 2
5500 1
5501 2
5502 1
5506 1
5513 1
5515 1
5516 1
5517 1
5519 2
5522 2
5524 3
5530 1
5534 1
5536 1
5537 1
5540 1
5542 1
5545 1
5549 1
5554 1
5556 1
5557 1
5558 1
5563 1
5564 1
5565 1
5566 2
5567 1
5570 1
5571 1
5574 1
5576 1
5579 1
5580 1
5583 1
5586 1
5589 1
5590 2
5593 1
5594 1
5595 1
5598 1
5599 1
5602 1
5603 1
5608 1
5612 1
5615 2
5616 1
5619 2
5620 1
5621 1
5622 1
5623 1
5626 1
5628 1
5634 1
5635 1
5637 1
5638 1
5641 1
5642 1
5648 1
5651 1
5655 1
5658 1
5663 1
5667 1
5668 1
5669 1
5671 1
5672 1
5676 1
5683 1
5694 1
5696 1
5699 1
5706 1
5709 1
5717 1
5725 1
5733 1
5741 1
5747 1
5777 1
5792 1
5803 1
5809 1
5825 1
5849 1
5873 1
5898 1
5911 1
5936 1
5941 1
5943 1
5953 1
5958 1
5960 1
5964 1
5967 1
5968 1
5969 1
5970 2
5971 1
5976 1
5978 1
5980 1
5983 1
5985 1
5990 2
5991 1
5993 1
5995 2
5998 1
5999 1
6000 1
6004 1
6006 1
6007 1
6009 1
6010 1
6011 2
6012 1
6013 1
6015 1
6017 1
6018 1
6019 2
6021 1
6022 2
6023 1
6024 1
6025 1
6027 2
6028 1
6030 1
6032 1
6033 1
6037 1
6039 1
6044 2
6045 1
6047 1
6048 2
6049 2
6052 2
6054 1
6057 1
6059 1
6063 1
6064 1
6067 1
6073 1
6074 1
6075 1
6080 1
6081 1
6087 1
6092 1
6096 1
6097 1
6103 2
6107 1
6111 1
6113 1
6117 1
6118 1
6120 1
6127 2
6128 1
6130 1
6131 1
6133 1
6136 1
6138 1
6142 3
6145 1
6146 1
6149 1
6153 1
6157 1
6160 3
6162 2
6166 1
6167 1
6169 1
6170 1
6171 1
6172 1
6174 1
6176 1
6180 1
6182 1
6185 1
6190 2
6192 1
6194 2
6198 1
6199 1
6200 2
6203 1
6204 1
6207 2
6209 1
6210 2
6211 1
6212 1
6213 1
6215 1
6217 2
6220 3
6221 1
6224 1
6227 1
6230 1
6231 1
6234 1
6235 1
6237 1
6238 1
6241 1
6247 1
6249 1
6250 1
6254 1
6255 1
6256 1
6259 1
6260 1
6262 1
6266 1
6268 1
6271 1
6274 3
6277 1
6282 1
6283 1
6284 1
6290 1
6291 2
6293 2
6295 2
6296 1
6298 2
6301 1
6302 1
6303 1
6305 2
6308 3
6311 1
6315 1
6316 2
6317 1
6319 1
6322 1
6326 2
6327 1
6329 1
6330 1
6331 1
6332 1
6334 1
6336 1
6339 1
6342 1
6344 2
6347 1
6348 1
6349 2
6350 1
6351 1
6352 1
6353 1
6355 1
6356 1
6358 1
6359 1
6361 2
6363 2
6366 1
6368 1
6374 1
6379 1
6380 1
6381 1
6385 1
6387 1
6393 1
6397 1
6398 1
6401 2
6403 1
6412 1
6414 1
6417 1
6419 1
6424 1
6425 1
6427 2
6429 1
6432 1
6435 1
6437 1
6441 1
6444 1
6446 2
6448 1
6450 1
6451 1
6454 1
6456 1
6458 1
6461 1
6462 1
6465 1
6468 1
6470 1
6471 1
6472 1
6474 2
6475 2
6476 1
6478 1
6480 1
6481 1
6482 1
6483 1
6485 1
6487 1
6488 1
6489 1
6493 1
6496 1
6497 1
6501 1
6505 1
6506 1
6507 1
6508 1
6513 3
6516 1
6517 1
6519 2
6522 1
6523 1
6525 1
6527 1
6530 1
6537 1
6538 1
6542 1
9553 1
14687 1
14863 1
15058 1
15195 1
19582 1
19622 1
19660 1
19699 1
19928 2
19969 1
20011 1
25181 1
25556 1
25635 1
35721 1
35761 1
35968 1
41424 1
43269 1
43318 1
43635 1
44417 1
44553 1
45354 1
45447 1
45491 1
45798 1
45837 1
46462 1
46503 1
51533 1
51656 1
57039 1
61788 1
62142 1
62726 1
78633 1
