770 3
771 1
772 2
773 4
774 2
775 4
776 3
778 3
779 4
780 4
781 2
782 3
783 7
784 6
785 3
786 5
787 4
788 11
789 11
790 52
791 90
792 108
793 94
794 66
795 39
796 51
797 31
798 19
799 25
800 101
801 232
802 253
803 457
804 452
805 322
806 413
807 462
808 570
809 1022
810 971
811 1252
812 987
813 1035
814 1128
815 1605
816 2153
817 2667
818 2518
819 2137
820 2371
821 2864
822 2784
823 2863
824 3153
825 2964
826 3243
827 3301
828 3007
829 2907
830 2935
831 3012
832 2710
833 1873
834 1758
835 1960
836 2672
837 3054
838 2061
839 1224
840 1045
841 1123
842 1139
843 1395
844 1801
845 1878
846 1624
847 1600
848 1585
849 1147
850 978
851 671
852 540
853 301
854 249
855 314
856 348
857 407
858 401
859 342
860 307
861 223
862 130
863 342
864 314
865 216
866 198
867 180
868 98
869 60
870 134
871 179
872 109
873 50
874 64
875 106
876 48
877 97
878 168
879 212
880 217
881 206
882 132
883 34
884 65
885 49
886 38
887 65
888 48
889 49
890 117
891 86
892 42
893 93
894 160
895 148
896 169
897 64
898 54
899 31
900 45
901 43
902 31
903 34
904 126
905 100
906 61
907 40
908 33
909 13
910 6
911 4
912 3
913 2
914 7
915 11
916 34
917 43
918 70
919 53
920 39
921 19
922 7
923 13
924 5
925 11
926 26
927 52
928 34
929 16
930 14
931 28
932 73
933 59
934 22
935 12
936 4
937 2
938 1
939 4
940 2
941 2
944 1
948 1
954 1
971 1
972 1
974 1
976 1
977 2
980 1
982 1
988 1
996 1
997 1
999 1
1002 1
1003 1
1004 1
1006 1
1009 3
1010 1
1012 1
1018 1
1019 1
1020 1
1023 1
1024 1
1026 1
1029 1
1031 1
1032 1
1034 2
1035 2
1037 2
1038 1
1039 1
1041 1
1042 2
1044 1
1047 1
1050 1
1052 1
1056 1
1057 1
1061 1
1062 1
1065 1
1066 1
1067 3
1069 1
1070 1
1076 1
1077 1
1079 1
1081 1
1084 1
1085 1
1086 1
1088 1
1089 1
1091 1
1094 1
1096 1
1097 1
1098 1
1102 1
1105 1
1107 1
1109 1
1110 2
1112 1
1119 1
1120 1
1121 2
1122 1
1123 1
1126 1
1127 1
1130 1
1132 2
1135 1
1136 1
1137 1
1139 1
1140 2
1142 1
1143 1
1144 1
1145 1
1146 1
1149 1
1151 1
1152 1
1155 1
1159 2
1162 1
1163 2
1165 1
1167 1
1168 1
1171 1
1174 1
1176 1
1177 1
1179 1
1181 1
1184 2
1187 1
1189 1
1191 1
1192 1
1197 1
1200 1
1202 1
1205 1
1209 1
1211 1
1212 1
1214 1
1215 1
1216 1
1218 1
1220 1
1221 1
1225 1
1228 1
1233 1
1237 1
1241 1
1247 1
1262 1
1268 1
1271 1
1275 1
1279 1
1293 1
1306 1
1311 1
1317 1
1331 1
1354 1
1405 1
1423 1
1462 1
1474 1
1488 1
1514 1
1542 1
1558 1
1577 1
1622 1
1645 1
1691 1
1693 1
1695 1
1697 1
1702 1
1704 1
1705 1
1706 1
1709 1
1715 1
1729 1
1731 1
1732 1
1734 1
1736 1
1737 1
1738 1
1741 1
1742 1
1744 1
1746 1
1748 2
1750 1
1751 1
1759 1
1760 2
1761 1
1763 1
1766 1
1768 1
1779 1
1788 1
1800 2
1802 1
1803 1
1806 1
1813 1
1815 1
1817 1
1820 1
1832 1
1834 1
1837 2
1839 1
1840 1
1844 1
1845 1
1847 1
1848 1
1851 1
1853 1
1858 1
1860 1
1861 1
1863 1
1865 1
1866 1
1867 1
1868 1
1869 1
1870 1
1872 1
1873 3
1874 1
1875 3
1876 2
1878 1
1879 1
1882 1
1886 1
1891 1
1893 1
1894 1
1897 1
1898 2
1899 2
1900 1
1903 1
1907 2
1908 1
1911 1
1913 1
1917 1
1920 1
1921 1
1924 1
1929 1
1930 1
1932 1
1934 1
1936 1
1937 1
1938 1
1939 1
1941 1
1945 1
1947 1
1951 1
1955 1
1959 1
1962 1
1963 1
1964 1
1965 1
1966 1
1975 1
1978 1
1981 1
1985 1
1986 1
1989 1
1990 1
1994 1
1997 2
1999 1
2000 1
2002 1
2006 1
2010 1
2013 1
2015 1
2016 1
2017 1
2018 1
2019 1
2021 1
2022 1
2024 1
2025 1
2026 1
2028 1
2029 3
2030 1
2032 1
2034 2
2035 1
2037 2
2042 1
2043 1
2045 1
2046 1
2047 2
2048 1
2050 1
2051 2
2052 1
2053 1
2056 2
2060 1
2061 1
2062 3
2063 1
2065 1
2066 1
2069 2
2070 1
2071 1
2072 2
2075 1
2076 1
2077 2
2079 1
2083 1
2085 1
2087 1
2091 1
2093 1
2095 1
2096 1
2098 1
2099 1
2101 2
2102 3
2103 1
2105 1
2109 1
2111 1
2113 1
2114 1
2116 1
2119 3
2121 1
2122 1
2123 1
2125 1
2127 1
2128 1
2131 1
2133 1
2134 1
2136 1
2139 2
2141 1
2142 1
2143 1
2146 1
2148 1
2149 2
2150 1
2152 1
2153 1
2157 1
2162 1
2165 1
2169 1
2174 1
2180 1
2185 1
2190 1
2191 1
2193 1
2194 1
2198 1
2199 1
2201 1
2204 1
2210 1
2217 1
2222 1
2224 1
2225 1
2227 1
2229 2
2230 1
2231 2
2233 1
2235 2
2236 1
2237 1
2238 1
2241 1
2244 1
2247 1
2248 1
2251 1
2252 1
2253 1
2256 1
2258 2
2260 1
2263 1
2265 1
2269 2
2270 2
2271 1
2274 1
2275 1
2279 1
2280 2
2281 1
2283 1
2286 1
2290 1
2299 1
2303 1
2304 1
2306 1
2307 1
2309 2
2311 1
2312 1
2314 1
2315 1
2317 1
2318 1
2322 1
2324 1
2325 1
2327 1
2333 1
2337 1
2340 1
2342 1
2343 1
2344 1
2345 1
2348 1
2349 1
2351 1
2352 2
2353 1
2355 1
2356 3
2357 1
2361 1
2362 1
2364 2
2365 1
2367 1
2368 1
2369 1
2370 1
2372 1
2375 1
2377 1
2381 2
2383 2
2384 1
2387 1
2389 1
2390 1
2392 1
2393 1
2395 2
2398 1
2399 1
2401 2
2402 1
2404 1
2406 2
2408 1
2411 1
2413 1
2415 1
2417 1
2419 1
2421 1
2423 1
2426 1
2427 1
2430 1
2434 1
2435 1
2438 1
2440 1
2442 1
2443 1
2444 1
2448 1
2450 2
2451 1
2456 2
2460 1
2468 1
2470 1
2472 1
2473 1
2475 1
2478 1
2484 1
2485 1
2486 1
2487 1
2488 2
2491 2
2492 1
2494 1
2495 4
2497 1
2498 1
2500 1
2501 1
2503 2
2505 2
2507 1
2509 1
2510 1
2512 2
2513 1
2517 1
2519 1
2522 1
2523 1
2525 1
2527 2
2528 2
2530 1
2531 1
2532 1
2533 1
2535 1
2537 1
2540 1
2541 1
2544 2
2545 1
2546 1
2550 2
2553 1
2557 1
2565 1
2567 1
2569 1
2573 1
2574 1
2576 1
2578 1
2579 1
2582 1
2583 1
2586 1
2590 1
2592 1
2594 1
2599 1
2601 1
2609 1
2611 1
2613 1
2616 1
2617 1
2619 1
2623 1
2624 1
2625 1
2628 1
2632 1
2636 1
2640 1
2642 1
2644 1
2646 1
2649 1
2651 1
2655 1
2656 1
2657 1
2658 1
2659 1
2662 1
2664 1
2665 1
2668 1
2671 1
2672 1
2675 1
2676 1
2678 1
2681 1
2682 1
2684 1
3024 1
3028 1
3030 1
14732 1
14882 1
23596 1
23636 1
23676 1
32194 1
32341 1
32382 1
41402 1
41669 1
41710 1
41788 1
42284 1
50570 1
57504 1
57654 1
58380 1
58421 1
58583 1
58624 1
58772 1
58816 1
67521 1
67562 1
67836 1
67877 1
68652 1
68692 1
68733 1
68772 1
69864 1
79180 1
