785 3
786 1
787 3
788 1
789 4
790 7
791 9
792 8
793 15
794 26
795 28
796 46
797 42
798 46
799 91
800 107
801 166
802 191
803 284
804 311
805 340
806 442
807 550
808 618
809 738
810 896
811 1115
812 1190
813 1371
814 1648
815 1736
816 2051
817 2103
818 2406
819 2522
820 2714
821 2810
822 2915
823 2906
824 3052
825 3214
826 3228
827 3297
828 3281
829 3090
830 3043
831 2949
832 2883
833 2866
834 2680
835 2455
836 2397
837 2173
838 1945
839 1799
840 1613
841 1545
842 1360
843 1295
844 1093
845 1003
846 949
847 876
848 708
849 702
850 675
851 628
852 593
853 482
854 523
855 466
856 439
857 355
858 313
859 351
860 292
861 313
862 299
863 258
864 197
865 261
866 210
867 222
868 200
869 175
870 162
871 143
872 130
873 183
874 147
875 110
876 151
877 145
878 108
879 111
880 139
881 114
882 118
883 115
884 91
885 85
886 75
887 104
888 86
889 84
890 102
891 89
892 74
893 57
894 70
895 53
896 58
897 57
898 52
899 49
900 52
901 47
902 42
903 37
904 30
905 29
906 44
907 52
908 44
909 39
910 35
911 28
912 35
913 32
914 31
915 32
916 32
917 23
918 30
919 22
920 17
921 15
922 17
923 22
924 18
925 19
926 20
927 22
928 23
929 14
930 26
931 5
932 5
933 4
934 3
935 1
936 1
938 1
940 1
948 1
953 1
966 1
982 1
1038 1
1061 1
1070 1
1072 1
1075 1
1077 1
1078 1
1079 1
1082 1
1083 1
1088 1
1093 1
1094 1
1096 1
1099 1
1100 2
1103 1
1108 1
1110 1
1111 1
1113 1
1115 1
1119 1
1121 1
1122 3
1123 1
1129 1
1132 1
1136 2
1139 1
1141 1
1142 1
1145 1
1149 1
1151 1
1153 1
1154 1
1157 1
1160 1
1161 1
1163 1
1164 1
1168 1
1172 1
1175 1
1176 1
1178 1
1182 1
1184 1
1185 1
1186 1
1187 1
1189 1
1191 1
1193 1
1195 1
1204 1
1227 1
1229 2
1234 2
1236 1
1244 1
1251 1
1254 1
1255 1
1258 1
1261 3
1263 1
1267 1
1272 2
1274 1
1276 2
1278 1
1283 1
1286 1
1289 1
1292 1
1293 1
1307 1
1319 1
1341 1
1343 1
1345 1
1350 1
1352 1
1353 1
1356 1
1361 1
1371 1
1399 1
1425 1
1453 1
1454 1
1457 1
1459 1
1461 2
1466 1
1468 1
1469 1
1471 1
1474 1
1476 2
1478 1
1481 1
1484 1
1486 2
1487 1
1490 1
1495 1
1496 1
1499 2
1500 1
1505 1
1511 1
1514 1
1518 1
1521 1
1523 1
1525 1
1526 1
1527 1
1529 1
1530 1
1535 1
1540 1
1542 1
1548 1
1555 1
1557 1
1559 1
1563 1
1564 1
1566 1
1569 1
1570 1
1573 1
1580 1
1588 1
1591 1
1596 1
1605 1
1618 1
1631 1
1641 1
1649 1
1674 1
1679 1
1691 1
1717 1
1744 1
1753 1
1761 1
1770 1
1785 1
1799 1
1835 1
1838 1
1857 1
1879 1
1905 1
1917 1
1988 1
2046 1
2098 1
2233 1
2236 1
2240 1
2243 1
2244 1
2247 1
2253 1
2272 1
2286 1
2290 1
2292 1
2296 1
2308 1
2315 1
2333 1
2343 1
2379 1
2387 1
2404 1
2424 1
2436 1
2464 1
2504 1
2550 1
2598 1
2619 1
2641 1
2860 1
2995 1
3023 1
3064 1
3110 1
3249 1
3307 1
3419 1
3452 1
3464 1
3466 1
3467 1
3470 1
3473 1
3474 1
3475 2
3482 1
3484 1
3487 1
3492 1
3497 1
3500 1
3506 1
3511 1
3515 1
3519 1
3523 1
3528 1
3532 1
3539 2
3545 1
3549 1
3555 1
3560 1
3561 1
3565 1
3566 1
3568 1
3580 1
3590 1
3661 1
3763 1
3769 1
3774 1
3784 1
3794 1
3802 1
3822 1
3844 1
3889 1
3908 1
3950 1
3967 1
4027 1
4103 1
4126 1
4254 1
4476 1
4507 1
4509 1
4513 1
4516 1
4519 1
4521 1
4522 1
4525 2
4526 1
4527 2
4529 1
4532 1
4535 1
4536 1
4538 2
4547 1
4552 2
4554 1
4555 1
4559 1
4560 1
4563 1
4570 1
4571 1
4573 1
4574 1
4578 1
4586 2
4588 1
4589 1
4591 1
4596 1
4601 1
4607 1
4627 1
4641 1
4648 1
4649 1
4651 1
4652 1
4653 1
4657 1
4658 1
4670 1
4673 1
4682 1
4693 1
4707 1
4734 1
4741 1
4746 1
4752 1
4759 1
4767 1
4774 1
4781 1
4791 1
4797 1
4805 1
4890 1
4891 1
4892 1
4895 1
4898 1
4902 1
4913 1
4916 1
4922 1
4939 1
4965 1
4995 1
5089 1
5101 1
5124 1
5167 1
5180 1
5194 1
5209 1
5251 1
5265 1
5301 1
5317 1
5335 1
5346 1
5488 1
5581 1
6079 1
6372 1
6416 1
6528 1
6603 1
6634 1
6677 1
6707 1
6741 1
7038 1
7084 1
7136 1
7360 1
7524 1
7564 1
7604 1
7650 1
7691 1
7888 1
7932 1
7977 1
8341 1
8422 1
8491 1
8811 1
8851 1
8908 1
9053 1
9164 1
9389 1
9922 1
10477 1
10520 1
10701 1
11265 1
11493 1
11550 1
11612 1
11659 1
11708 1
12076 1
12538 1
12578 1
12676 1
13058 1
13138 1
13232 1
13289 1
13611 1
13666 1
13707 1
13862 1
13976 1
14055 1
14155 1
14280 1
14380 1
14737 1
14893 1
15061 1
15110 1
15177 1
15293 1
15352 1
15489 1
15652 1
15882 1
16213 1
16272 1
16397 1
16498 1
17030 1
17135 1
17372 1
17437 1
18257 1
18631 1
18672 1
18728 1
18913 1
18957 1
19138 1
19453 1
19548 1
19625 1
20120 1
20184 1
20293 1
20347 1
20662 1
20720 1
20799 1
20896 1
21142 1
21192 1
21233 1
21292 1
21386 1
21511 1
21555 1
21607 1
21648 1
21700 1
21769 1
21859 1
21925 1
21965 1
22151 1
22452 1
22545 1
22713 1
22995 1
23359 1
23888 1
23931 1
23974 1
24072 1
24444 1
24693 1
24785 1
24976 1
25121 1
25293 1
25353 1
25422 1
25479 1
25556 1
25618 1
26315 1
26877 1
26977 1
27045 1
27117 1
27478 1
27521 1
27722 1
28187 1
28293 1
28645 1
28828 1
29026 1
29114 1
29241 1
29296 1
29337 1
29409 1
29494 1
29816 1
29872 1
30271 1
30376 1
30517 1
30560 1
30622 1
30689 1
30798 1
30850 1
30895 1
31078 1
31128 1
31339 1
31454 1
31556 1
31606 1
31804 1
31892 1
31936 1
32670 1
32816 1
33154 1
33367 1
33788 1
33884 1
34084 1
34135 1
34207 1
34266 1
34365 1
34412 1
34567 1
34613 1
34680 1
34908 1
35122 1
35774 1
35849 1
35937 1
36075 1
36135 1
36426 1
36485 1
36877 1
36970 1
37212 1
37332 1
37454 1
37946 1
38180 1
38223 1
38297 1
38513 1
38569 1
38618 1
38774 1
38895 1
38966 1
39018 1
39215 1
39269 1
39414 1
39722 1
39922 1
40143 1
40188 1
40239 1
40300 1
40582 1
40914 1
41011 1
41960 1
42033 1
42126 1
42178 1
42426 1
42594 1
42697 1
42817 1
43145 1
43247 1
43288 1
43425 1
43467 1
43613 1
43843 1
43902 1
44009 1
44101 1
44161 1
44328 1
44745 1
44806 1
44912 1
45039 1
45165 1
45238 1
45348 1
45777 1
45866 1
46370 1
46900 1
46942 1
47316 1
47377 1
47508 1
47721 1
47902 1
47968 1
48188 1
48296 1
48614 1
49004 1
49046 1
49266 1
49484 1
49524 1
49641 1
49726 1
49831 1
49998 1
50063 1
50184 1
50410 1
50502 1
50757 1
50826 1
50915 1
50969 1
51055 1
51249 1
51474 1
51542 1
51780 1
52213 1
52307 1
52871 1
53043 1
53098 1
53224 1
53280 1
53564 1
53692 1
53736 1
53830 1
53918 1
54215 1
54299 1
54503 1
54595 1
54665 1
54987 1
55264 1
55450 1
55516 1
55855 1
55957 1
56075 1
56136 1
56192 1
56241 1
56320 1
56489 1
56607 1
57114 1
57170 1
57214 1
57274 1
57753 1
58056 1
58568 1
58726 1
58789 1
58844 1
58970 1
59342 1
59439 1
59497 1
59611 1
59698 1
60084 1
60782 1
60836 1
61394 1
61444 1
61521 1
61584 1
61841 1
61942 1
61984 1
62385 1
62968 1
63029 1
63185 1
63399 1
63594 1
63752 1
63812 1
63893 1
64091 1
64267 1
64350 1
64426 1
64533 1
64645 1
64769 1
64859 1
64906 1
65019 1
65169 1
65397 1
65450 1
65535 1
65619 1
65738 1
65810 1
66201 1
66263 1
66378 1
66733 1
67055 1
67626 1
67734 1
67775 1
68139 1
68228 1
68465 1
69174 1
69443 1
69764 1
70060 1
70143 1
70288 1
70434 1
70718 1
70922 1
71499 1
71664 1
71758 1
71829 1
71900 1
71982 1
72116 1
72301 1
72399 1
72489 1
72891 1
72959 1
73009 1
73071 1
73147 1
73242 1
73351 1
73470 1
73652 1
74815 1
74900 1
75333 1
75501 1
75602 1
75657 1
75741 1
75818 1
76050 1
76159 1
76315 1
76412 1
76608 1
76678 1
77137 1
77279 1
78546 1
