786 1
787 1
788 3
789 7
790 7
791 9
792 8
793 13
794 12
795 24
796 32
797 39
798 54
799 92
800 87
801 131
802 154
803 242
804 251
805 315
806 417
807 513
808 617
809 732
810 909
811 1076
812 1187
813 1407
814 1553
815 1813
816 2043
817 2219
818 2384
819 2718
820 2768
821 2981
822 3144
823 3153
824 3348
825 3247
826 3391
827 3336
828 3314
829 3295
830 3151
831 3050
832 2893
833 2842
834 2572
835 2457
836 2251
837 2049
838 1931
839 1811
840 1652
841 1385
842 1298
843 1252
844 1086
845 1066
846 849
847 782
848 721
849 685
850 646
851 640
852 510
853 526
854 426
855 449
856 354
857 396
858 313
859 296
860 264
861 249
862 236
863 250
864 266
865 274
866 170
867 186
868 207
869 184
870 157
871 181
872 139
873 120
874 105
875 119
876 141
877 118
878 119
879 134
880 131
881 111
882 98
883 85
884 72
885 83
886 96
887 106
888 89
889 75
890 70
891 46
892 49
893 49
894 49
895 34
896 42
897 49
898 46
899 42
900 46
901 47
902 48
903 45
904 29
905 30
906 23
907 27
908 29
909 45
910 44
911 25
912 25
913 27
914 35
915 34
916 27
917 25
918 29
919 22
920 23
921 35
922 16
923 24
924 14
925 13
926 5
927 4
928 2
929 1
930 1
931 1
934 1
938 1
942 1
944 1
946 1
948 1
950 1
957 1
961 1
963 1
965 1
970 1
973 2
975 1
976 1
977 1
980 1
986 1
990 1
1005 1
1010 1
1018 1
1020 1
1022 1
1025 2
1026 2
1028 1
1032 2
1034 1
1036 1
1047 1
1052 1
1067 1
1084 1
1091 1
1098 1
1109 1
1128 1
1144 1
1159 1
1173 1
1193 1
1232 2
1233 1
1235 1
1238 1
1239 1
1241 1
1243 1
1245 1
1246 1
1249 1
1251 1
1254 1
1260 1
1267 1
1268 1
1270 1
1275 1
1276 1
1279 1
1281 1
1282 1
1286 1
1287 1
1289 1
1290 1
1291 1
1293 1
1294 1
1297 1
1298 1
1299 1
1300 1
1304 2
1306 2
1309 1
1310 3
1319 1
1323 1
1325 1
1330 1
1336 1
1345 1
1359 1
1365 1
1381 1
1387 1
1408 1
1421 1
1433 1
1465 1
1517 1
1523 1
1551 1
1561 1
1601 1
1622 1
1673 1
1692 1
1725 1
1789 1
1848 1
1852 1
1853 1
1858 1
1861 1
1868 1
1869 1
1872 1
1874 1
1876 1
1880 1
1882 2
1884 1
1886 1
1890 1
1892 1
1898 1
1900 1
1902 1
1903 1
1904 1
1907 1
1917 1
1942 1
1971 1
1990 1
1997 1
2003 1
2013 1
2091 1
2128 1
2147 1
2176 1
2194 1
2275 1
2363 1
2384 1
2401 1
2419 1
2455 1
2552 1
2601 1
2636 1
2663 1
2763 1
2816 1
2922 1
3094 1
3194 1
3316 1
3400 1
3568 1
3615 1
3884 1
4022 1
4099 1
4157 1
4244 1
4586 1
4761 1
4795 1
4834 1
4893 1
4970 1
5032 1
5166 1
5250 1
5402 1
5448 1
5501 1
5567 1
5675 1
5720 1
5839 1
6031 1
6216 1
6309 1
6472 1
6555 1
6605 1
6712 1
6753 1
6813 1
6872 1
6975 1
7046 1
7276 1
7317 1
7367 1
7803 1
7880 1
7933 1
7976 1
8126 1
8220 1
8269 1
8331 1
8391 1
8534 1
8594 1
8685 1
8778 1
8872 1
9064 1
9153 1
9252 1
9403 1
9458 1
9520 1
9581 1
9632 1
9701 1
9796 1
9976 1
10144 1
10301 1
10391 1
10753 1
11180 1
11241 1
11354 1
11650 1
11711 1
11905 1
11995 1
12134 1
12221 1
12637 1
13005 1
13057 1
13332 1
13642 1
13791 1
13845 1
13907 1
13982 1
14038 1
14144 1
14225 1
14320 1
14387 1
14501 1
14667 1
14717 1
14781 1
14883 1
15271 1
15431 1
15626 1
15713 1
15757 1
15922 1
16081 1
16476 1
16556 1
16649 1
16929 1
17040 1
17173 1
17518 1
17668 1
17764 1
17833 1
17878 1
17947 1
18033 1
18162 1
18272 1
18449 1
18550 1
18618 1
18659 1
18881 1
18938 1
19133 1
19274 1
19802 1
19897 1
20032 1
20148 1
20195 1
20236 1
20374 1
20558 1
20612 1
20720 1
20796 1
20838 1
20882 1
20926 1
20969 1
21041 1
21097 1
21188 1
21246 1
21497 1
21599 1
21655 1
21770 1
21907 1
22043 1
22181 1
22361 1
22478 1
22770 1
22817 1
22902 1
22982 1
23515 1
23682 1
23967 1
24089 1
24402 1
24515 1
24584 1
24670 1
24821 1
24865 1
25454 1
25503 1
25576 1
25661 1
25731 1
25833 1
25878 1
26169 1
26226 1
26299 1
26343 1
26463 1
26688 1
26738 1
26799 1
26867 1
26919 1
27003 1
27212 1
27376 1
27446 1
27615 1
27667 1
27751 1
27803 1
27895 1
27939 1
28217 1
28440 1
28597 1
28732 1
28850 1
28924 1
28996 1
29047 1
29091 1
29188 1
29263 1
29317 1
29366 1
29443 1
29545 1
29638 1
29697 1
29842 1
29890 1
29984 1
30040 1
30302 1
30371 1
30416 1
30482 1
30676 1
30764 1
30978 1
31077 1
31192 1
31248 1
31344 1
31411 1
31527 1
31582 1
31645 1
31779 1
31958 1
32008 1
32057 1
32183 1
32237 1
32396 1
32464 1
32512 1
32663 1
32930 1
33105 1
33161 1
33419 1
33482 1
33568 1
33836 1
33932 1
33977 1
34018 1
34278 1
34380 1
34466 1
34550 1
34786 1
34869 1
35079 1
35369 1
35438 1
35494 1
35620 1
35693 1
35767 1
35903 1
35945 1
36125 1
36220 1
36268 1
36481 1
36636 1
36926 1
37095 1
37179 1
37545 1
37618 1
37669 1
38014 1
38058 1
38111 1
38345 1
38579 1
38625 1
38683 1
38748 1
38952 1
39084 1
39197 1
39263 1
39361 1
39418 1
39470 1
39532 1
39689 1
39753 1
39906 1
39953 1
40084 1
40184 1
40270 1
40312 1
40491 1
40632 1
40844 1
40939 1
41069 1
41222 1
41321 1
41412 1
41474 1
41531 1
41670 1
41886 1
42113 1
42165 1
42257 1
42306 1
42496 1
42604 1
42708 1
42942 1
42990 1
43075 1
43153 1
43288 1
43356 1
43680 1
43727 1
44052 1
44128 1
44186 1
44261 1
44314 1
44388 1
44525 1
44787 1
44895 1
44971 1
45134 1
45552 1
45632 1
45673 1
45866 1
45953 1
46035 1
46114 1
46263 1
46314 1
46410 1
46589 1
46675 1
46905 1
47044 1
47086 1
47197 1
47263 1
47305 1
47367 1
47429 1
47730 1
47775 1
47822 1
47965 1
48036 1
48120 1
48240 1
48285 1
48378 1
48476 1
48576 1
48620 1
48667 1
48732 1
48814 1
48966 1
49214 1
49448 1
49615 1
49730 1
49805 1
49845 1
49969 1
50023 1
50079 1
50187 1
50240 1
50344 1
50397 1
50484 1
50542 1
50604 1
50712 1
50803 1
50849 1
50930 1
51085 1
51228 1
51287 1
51608 1
51932 1
52035 1
52428 1
52471 1
52519 1
52751 1
52943 1
53122 1
53217 1
53267 1
53553 1
53597 1
53774 1
53889 1
54107 1
54149 1
54266 1
54349 1
54753 1
54811 1
54887 1
54951 1
55002 1
55168 1
55300 1
55360 1
55647 1
55729 1
55779 1
55823 1
56036 1
56345 1
56482 1
56568 1
56612 1
56676 1
56762 1
56814 1
56896 1
57000 1
57119 1
57471 1
57560 1
57625 1
57735 1
57804 1
58026 1
58160 1
58212 1
58277 1
58536 1
58584 1
58713 1
58943 1
58997 1
59098 1
59218 1
59461 1
59702 1
59762 1
59847 1
59900 1
60108 1
60174 1
60318 1
60548 1
60624 1
60840 1
60992 1
61583 1
61639 1
61712 1
61798 1
61949 1
62069 1
62269 1
62338 1
62407 1
62571 1
62612 1
62673 1
62714 1
63240 1
63340 1
63428 1
63505 1
63554 1
63682 1
63841 1
64005 1
64073 1
64144 1
64274 1
64319 1
64373 1
64470 1
64515 1
64561 1
64626 1
64687 1
64749 1
64807 1
64865 1
64935 1
64984 1
65082 1
65127 1
65218 1
65284 1
65444 1
65576 1
65730 1
65905 1
66042 1
66084 1
66136 1
66190 1
66445 1
66510 1
66584 1
66653 1
66697 1
66797 1
66942 1
67026 1
67077 1
67142 1
67269 1
67542 1
67604 1
67815 1
67860 1
67980 1
68066 1
68655 1
68768 1
68816 1
69005 1
69076 1
69201 1
69304 1
69367 1
69415 1
69468 1
69759 1
69826 1
70045 1
70182 1
70270 1
70347 1
70448 1
70516 1
70613 1
70741 1
70866 1
71037 1
71077 1
71133 1
71483 1
71649 1
71766 1
71817 1
71894 1
71941 1
72002 1
72058 1
72222 1
72378 1
72423 1
72466 1
72550 1
72647 1
72835 1
72922 1
73119 1
73186 1
73262 1
73427 1
73477 1
73565 1
73715 1
73871 1
74007 1
74075 1
74120 1
74231 1
74358 1
74528 1
74584 1
74856 1
74948 1
74989 1
75074 1
75196 1
75303 1
75407 1
75505 1
75777 1
76001 1
76078 1
76152 1
76273 1
76493 1
76652 1
76706 1
76841 1
76934 1
77158 1
77290 1
77383 1
78521 1
