184 1
186 3
187 3
188 17
189 52
190 93
191 116
192 181
193 407
194 695
195 1184
196 1945
197 3070
198 4392
199 6326
200 9089
201 11949
202 14865
203 17902
204 21153
205 24349
206 27232
207 27693
208 28632
209 26749
210 26549
211 24841
212 22023
213 19195
214 16804
215 14336
216 12330
217 10404
218 9114
219 7537
220 7031
221 6386
222 5516
223 5197
224 4663
225 4977
226 4175
227 3752
228 3624
229 3315
230 3152
231 3002
232 2845
233 2562
234 2434
235 2138
236 1972
237 1750
238 1668
239 1713
240 1580
241 1560
242 1418
243 1379
244 1348
245 1175
246 1049
247 920
248 864
249 947
250 858
251 972
252 842
253 701
254 764
255 845
256 638
257 581
258 623
259 685
260 680
261 521
262 563
263 595
264 563
265 521
266 543
267 489
268 489
269 422
270 396
271 422
272 376
273 234
274 173
275 349
276 319
277 301
278 279
279 243
280 283
281 156
282 145
283 271
284 241
285 215
286 165
287 202
288 219
289 170
290 203
291 176
292 146
293 155
294 139
295 130
296 162
297 210
298 190
299 192
300 131
301 127
302 118
303 171
304 94
305 92
306 126
307 138
308 97
309 80
310 50
311 77
312 73
313 113
314 83
315 46
316 93
317 61
318 96
319 69
320 91
321 76
322 46
323 49
324 82
325 71
326 68
327 57
328 49
329 47
330 67
331 65
332 44
333 44
334 52
335 52
336 57
337 65
338 38
339 24
340 29
341 41
342 15
343 15
344 36
345 31
346 41
347 56
348 59
349 45
350 31
351 42
352 24
353 38
354 24
355 17
356 27
357 37
358 28
359 44
360 30
361 6
362 7
363 13
364 15
365 26
366 30
367 23
368 6
369 10
370 11
371 16
372 11
373 28
374 30
375 15
376 9
377 8
378 7
379 11
380 16
381 11
382 18
383 25
384 18
385 20
386 27
387 13
388 13
389 15
390 8
391 10
392 18
393 12
394 4
395 7
396 13
397 10
398 10
399 10
400 7
401 9
402 10
403 11
404 6
405 4
406 3
407 1
408 5
409 2
410 2
411 6
412 5
413 1
414 5
415 4
416 5
417 4
418 4
419 4
420 6
421 6
422 10
423 8
424 11
425 15
426 23
427 11
428 8
429 2
430 4
431 5
432 3
433 3
434 4
435 2
436 3
437 1
438 3
439 1
440 1
441 4
442 2
443 5
444 4
445 4
446 6
447 8
448 8
449 6
450 6
451 2
452 3
453 2
454 2
455 4
456 4
457 2
458 6
459 6
460 2
461 2
462 2
463 1
465 1
466 1
467 2
469 1
470 1
472 1
476 1
480 1
485 1
493 1
502 1
510 1
516 1
518 1
519 1
520 1
522 1
523 2
525 2
529 2
532 1
534 1
535 1
536 1
537 1
540 1
548 1
552 1
555 1
556 1
557 1
559 1
561 1
562 1
564 1
565 2
566 1
567 1
568 1
569 1
570 1
573 1
580 1
584 1
586 1
589 1
593 1
598 2
600 1
603 1
604 1
606 1
607 1
608 2
615 2
620 1
625 1
626 1
627 1
632 1
634 1
636 1
641 1
649 1
654 1
659 1
679 1
707 1
709 1
711 1
713 1
716 1
719 1
722 1
726 1
728 1
732 1
737 1
742 1
746 1
749 1
750 1
752 1
754 1
755 1
757 1
759 1
764 1
770 1
774 1
778 1
779 1
781 1
782 2
784 1
785 1
787 1
789 1
802 1
808 1
814 1
819 1
825 1
831 1
854 3
855 1
858 1
859 2
860 1
862 1
876 1
885 1
898 1
917 1
939 1
952 1
977 1
979 1
981 1
983 1
985 1
988 1
990 1
1007 1
1046 1
1159 1
1165 1
1171 1
1213 1
1410 1
1430 1
1521 1
1579 1
1615 1
1642 1
1679 1
1695 1
1710 1
1742 1
1817 1
2499 1
2506 1
2522 1
2539 1
2548 1
2557 1
2598 1
2809 1
2828 1
2848 1
2869 1
2898 1
3108 1
4496 1
4539 1
4657 1
5494 1
5681 1
5874 1
5923 1
6082 1
6323 1
6364 1
6405 1
6514 1
6554 1
6594 1
6710 1
7335 1
7462 1
7509 1
7550 1
7630 1
7788 1
7834 1
7883 1
7924 1
7976 1
8035 1
8217 1
8600 1
8667 1
8954 1
8995 1
9070 1
9690 1
10038 1
10252 1
10329 1
10478 1
10631 1
10946 1
11460 1
12493 1
12586 1
12710 1
12950 1
13344 1
13575 1
13925 1
13965 1
14055 1
14257 1
14297 1
14599 1
14905 1
15438 1
15477 1
15661 1
15733 1
15847 1
15935 1
16407 1
16649 1
16862 1
16903 1
17082 1
17131 1
17426 1
19027 1
