184 1
185 1
186 2
187 10
188 25
189 32
190 131
191 176
192 326
193 427
194 714
195 1260
196 2323
197 3412
198 4688
199 6608
200 8980
201 11409
202 15047
203 18154
204 21407
205 24020
206 25848
207 27088
208 29146
209 27521
210 26124
211 24906
212 20887
213 19390
214 18008
215 14877
216 11960
217 10036
218 8748
219 8776
220 7489
221 6568
222 5662
223 5258
224 5270
225 4229
226 3653
227 3983
228 3759
229 3140
230 2762
231 2655
232 2641
233 2504
234 2499
235 2043
236 1842
237 2042
238 1965
239 1878
240 1642
241 1293
242 1015
243 1107
244 1047
245 1065
246 951
247 1171
248 1121
249 1001
250 1139
251 844
252 852
253 799
254 567
255 643
256 553
257 648
258 665
259 631
260 593
261 639
262 595
263 473
264 507
265 530
266 439
267 494
268 404
269 420
270 432
271 389
272 378
273 287
274 387
275 372
276 287
277 285
278 303
279 250
280 196
281 255
282 233
283 187
284 156
285 170
286 134
287 166
288 182
289 234
290 194
291 116
292 116
293 120
294 98
295 107
296 148
297 162
298 107
299 148
300 142
301 111
302 146
303 143
304 149
305 94
306 105
307 114
308 130
309 130
310 99
311 79
312 41
313 77
314 57
315 44
316 54
317 100
318 68
319 128
320 92
321 101
322 92
323 80
324 38
325 26
326 28
327 32
328 71
329 80
330 65
331 80
332 71
333 56
334 65
335 89
336 30
337 19
338 26
339 39
340 25
341 16
342 29
343 29
344 36
345 43
346 36
347 49
348 28
349 18
350 60
351 45
352 60
353 39
354 25
355 32
356 35
357 12
358 41
359 50
360 34
361 23
362 17
363 9
364 13
365 17
366 17
367 6
368 5
369 14
370 18
371 42
372 48
373 13
374 7
375 20
376 20
377 19
378 14
379 14
380 15
381 23
382 33
383 34
384 30
385 22
386 56
387 12
388 4
389 4
390 9
391 7
392 16
393 23
394 28
395 21
396 14
397 11
398 6
399 2
400 8
401 4
402 5
403 7
404 8
405 8
406 3
407 4
408 13
409 14
410 7
411 5
412 16
413 11
414 16
415 17
416 8
417 8
418 7
419 8
420 5
421 17
422 13
423 13
424 9
425 8
426 2
427 3
428 1
429 5
430 2
431 2
432 6
433 2
434 4
435 3
436 6
437 8
438 3
439 5
440 10
441 13
442 1
443 4
444 4
445 2
446 4
447 2
448 7
449 1
450 3
451 2
454 5
456 1
457 1
458 1
459 1
461 1
464 1
466 2
468 3
469 2
470 1
472 1
473 1
474 1
475 1
477 1
478 1
481 1
483 1
485 1
490 1
494 1
495 1
496 1
498 2
500 1
503 1
507 1
511 1
516 1
522 1
541 1
548 1
561 1
582 1
599 1
627 1
677 1
681 1
682 1
684 1
687 1
688 1
689 1
690 1
691 1
692 2
693 1
699 1
702 1
706 1
707 1
708 1
710 2
713 1
715 1
717 1
718 1
722 1
723 1
726 1
731 1
734 1
735 1
742 1
744 1
748 1
762 1
766 1
770 1
772 1
781 1
787 1
797 1
810 1
828 1
868 1
879 1
949 1
969 1
977 1
980 1
983 1
991 1
1000 1
1003 1
1005 1
1008 1
1009 2
1017 1
1020 1
1021 1
1023 1
1026 1
1028 1
1030 1
1031 1
1032 1
1034 1
1035 1
1055 1
1064 1
1073 1
1082 1
1085 1
1087 1
1090 1
1095 1
1101 1
1109 1
1110 1
1113 1
1118 1
1125 1
1127 1
1130 1
1135 1
1145 1
1146 1
1148 1
1155 1
1159 1
1160 1
1162 1
1164 1
1169 2
1176 1
1184 1
1188 1
1191 1
1192 1
1196 1
1200 1
1201 1
1203 1
1207 1
1214 1
1215 1
1217 1
1218 1
1220 1
1223 1
1224 1
1227 1
1232 1
1233 1
1234 1
1236 1
1242 2
1244 1
1250 1
1251 1
1252 1
1253 1
1254 1
1256 1
1257 1
1259 2
1260 1
1263 2
1266 1
1270 1
1271 2
1272 1
1274 2
1279 1
1285 1
1288 1
1291 1
1296 2
1298 1
1302 1
1304 1
1306 1
1314 2
1319 1
1330 1
1338 1
1340 1
1341 1
1343 2
1346 1
1348 1
1351 1
1355 1
1356 1
1357 1
1360 1
1363 1
1366 1
1367 2
1369 1
1372 1
1373 1
1376 1
1377 1
1485 1
1502 1
1520 1
1539 1
1559 2
1580 1
1602 1
1647 1
2418 1
2979 1
3020 1
3530 1
3609 1
5910 1
6337 1
6728 1
6770 1
8168 1
8210 1
8953 1
9384 1
9425 1
9531 1
9695 1
11366 1
11450 1
12275 1
12672 1
12735 1
12808 1
13468 1
13921 1
14049 1
14889 1
14930 1
16276 1
17346 1
19056 1
