186 3
187 5
188 15
189 27
190 72
191 161
192 248
193 473
194 793
195 1317
196 2003
197 3118
198 4676
199 6481
200 8878
201 11555
202 14056
203 17481
204 20421
205 24001
206 26406
207 27830
208 27530
209 27716
210 25970
211 24253
212 22045
213 19632
214 16967
215 14761
216 12328
217 10463
218 9351
219 8268
220 7168
221 6447
222 6067
223 5658
224 5032
225 4467
226 4010
227 3941
228 3707
229 3498
230 3286
231 2925
232 2590
233 2378
234 2224
235 2060
236 2003
237 1869
238 1786
239 1700
240 1655
241 1490
242 1386
243 1391
244 1278
245 1126
246 1211
247 1047
248 997
249 976
250 908
251 846
252 823
253 758
254 860
255 786
256 789
257 674
258 630
259 668
260 615
261 620
262 592
263 455
264 516
265 574
266 515
267 459
268 490
269 456
270 313
271 278
272 330
273 364
274 366
275 370
276 297
277 355
278 348
279 353
280 267
281 198
282 201
283 206
284 205
285 225
286 241
287 184
288 187
289 220
290 195
291 213
292 179
293 183
294 181
295 181
296 152
297 139
298 147
299 116
300 135
301 130
302 157
303 117
304 116
305 133
306 122
307 93
308 78
309 94
310 91
311 79
312 63
313 74
314 71
315 72
316 99
317 85
318 73
319 69
320 103
321 126
322 71
323 72
324 63
325 72
326 62
327 56
328 49
329 44
330 54
331 57
332 48
333 53
334 41
335 52
336 62
337 47
338 50
339 48
340 28
341 31
342 37
343 29
344 44
345 39
346 43
347 35
348 49
349 36
350 43
351 34
352 29
353 23
354 16
355 30
356 28
357 20
358 22
359 22
360 23
361 23
362 22
363 22
364 31
365 34
366 28
367 21
368 28
369 20
370 22
371 15
372 24
373 19
374 18
375 10
376 16
377 8
378 14
379 11
380 7
381 10
382 21
383 8
384 27
385 16
386 23
387 15
388 16
389 21
390 16
391 13
392 15
393 19
394 15
395 11
396 7
397 13
398 8
399 2
400 8
401 4
402 7
403 9
404 8
405 7
406 9
407 9
408 7
409 8
410 3
411 8
412 10
413 8
414 6
415 6
416 7
417 3
418 4
419 8
420 4
421 5
422 9
423 9
424 11
425 8
426 6
427 5
428 3
429 6
430 5
431 4
432 6
433 4
434 7
435 4
436 3
437 3
438 6
439 1
440 4
441 4
442 5
443 4
444 3
446 3
447 1
448 2
449 3
450 3
451 3
452 4
453 1
454 6
455 3
456 2
457 2
458 4
459 2
460 5
461 4
462 2
463 3
464 1
465 4
466 2
467 3
468 3
469 5
472 2
473 5
474 1
475 2
477 1
478 1
479 1
484 1
487 1
488 1
491 1
494 1
495 1
498 2
499 1
504 2
506 1
508 1
509 1
513 2
515 1
516 1
519 1
520 1
523 1
528 1
531 1
532 1
535 1
539 1
540 1
542 3
544 1
545 1
546 1
548 1
559 1
585 1
589 1
594 1
605 1
606 1
608 2
617 1
619 1
620 1
622 1
624 1
625 1
627 1
630 1
633 1
634 1
639 1
640 1
645 1
648 1
655 1
656 1
658 1
661 1
663 1
667 1
669 1
671 1
673 1
675 1
688 1
695 1
704 1
715 1
735 1
742 1
751 1
753 1
756 1
760 1
782 1
793 1
811 1
813 1
814 1
819 1
821 1
823 1
825 1
827 1
829 1
831 1
923 1
937 1
950 1
975 1
1043 1
1059 1
1072 1
1085 1
1136 1
1215 1
1281 1
1298 1
1326 1
1344 1
1370 1
1447 1
1483 1
1583 1
1878 1
1907 1
2065 1
2096 1
2179 1
2254 1
2285 1
2316 1
2349 1
2382 1
2471 1
2566 1
2607 1
3036 1
3093 1
3491 1
3563 1
3704 1
3746 1
3870 1
3911 1
3989 1
4093 1
4151 1
4338 1
4588 1
4663 1
4712 1
4806 1
4848 1
5386 1
5448 1
5613 1
5706 1
5799 1
5962 1
6040 1
6081 1
6151 1
6267 1
6317 1
6439 1
6480 1
6533 1
6589 1
6645 1
6712 1
6771 1
6929 1
7026 1
7067 1
7117 1
7187 1
7328 1
7841 1
7975 1
8252 1
8305 1
8349 1
8395 1
8532 1
8907 1
9004 1
9088 1
9147 1
9194 1
9302 1
9639 1
9859 1
10087 1
10151 1
10500 1
10574 1
10689 1
10844 1
10979 1
11032 1
11146 1
11199 1
11290 1
11331 1
11403 1
11546 1
11702 1
11897 1
12143 1
12417 1
12563 1
12700 1
12789 1
12879 1
13239 1
13405 1
13477 1
13533 1
13618 1
14023 1
14131 1
14220 1
14260 1
14302 1
14344 1
14411 1
14490 1
14657 1
14963 1
15034 1
15149 1
15376 1
15428 1
15497 1
15918 1
15997 1
16049 1
16444 1
16643 1
16893 1
16979 1
17055 1
17349 1
17395 1
17602 1
17692 1
17759 1
17957 1
19093 1
