184 1
185 2
186 9
187 11
188 25
189 52
190 78
191 148
192 314
193 487
194 797
195 1287
196 2010
197 3077
198 4596
199 6652
200 8992
201 11797
202 14922
203 18107
204 20831
205 23576
206 26160
207 27170
208 27588
209 27605
210 26586
211 24717
212 22320
213 19480
214 16601
215 14398
216 12413
217 10783
218 9314
219 8092
220 7037
221 6359
222 5799
223 5365
224 5030
225 4651
226 4349
227 3977
228 3741
229 3430
230 3120
231 2892
232 2648
233 2423
234 2246
235 2104
236 1924
237 1852
238 1725
239 1631
240 1484
241 1419
242 1295
243 1271
244 1202
245 1105
246 1065
247 1054
248 928
249 900
250 880
251 836
252 761
253 769
254 742
255 791
256 695
257 699
258 700
259 655
260 633
261 562
262 525
263 496
264 456
265 497
266 533
267 464
268 445
269 364
270 393
271 434
272 377
273 331
274 322
275 309
276 340
277 327
278 303
279 278
280 251
281 232
282 224
283 196
284 204
285 203
286 229
287 196
288 233
289 217
290 189
291 206
292 175
293 153
294 170
295 152
296 150
297 143
298 140
299 138
300 129
301 135
302 146
303 128
304 137
305 119
306 114
307 109
308 112
309 113
310 74
311 76
312 79
313 81
314 80
315 82
316 81
317 92
318 103
319 120
320 87
321 95
322 68
323 83
324 58
325 55
326 54
327 67
328 43
329 46
330 44
331 72
332 66
333 57
334 55
335 48
336 41
337 52
338 48
339 40
340 42
341 26
342 36
343 37
344 33
345 37
346 35
347 34
348 39
349 37
350 44
351 34
352 30
353 20
354 32
355 31
356 34
357 30
358 24
359 26
360 21
361 12
362 15
363 18
364 20
365 19
366 33
367 21
368 32
369 28
370 26
371 23
372 24
373 21
374 29
375 18
376 24
377 14
378 19
379 12
380 16
381 13
382 10
383 17
384 23
385 17
386 20
387 13
388 26
389 22
390 15
391 9
392 13
393 11
394 8
395 7
396 12
397 9
398 7
399 14
400 6
401 6
402 6
403 11
404 12
405 10
406 16
407 16
408 9
409 10
410 6
411 6
412 6
413 4
414 8
415 8
416 5
417 5
418 6
419 6
420 6
421 9
422 4
423 5
424 8
425 5
426 8
427 4
428 9
429 7
430 10
431 9
432 5
433 6
434 2
435 3
436 3
437 7
438 4
439 2
440 4
441 10
442 8
443 7
444 4
445 4
446 1
447 6
448 2
449 1
450 3
451 2
452 3
454 2
455 3
456 1
457 1
458 1
459 3
460 2
461 3
462 1
463 1
464 3
465 2
469 1
472 1
473 1
474 1
476 1
477 2
478 1
480 1
481 1
482 1
483 1
487 1
490 1
491 1
492 1
493 1
496 1
498 1
502 2
505 1
508 1
510 1
511 1
512 2
516 1
518 1
521 1
528 1
537 2
539 2
540 1
541 2
542 1
546 1
550 1
555 1
563 1
569 1
571 1
572 1
574 1
577 1
580 1
582 1
586 1
588 1
589 1
590 2
594 1
599 2
602 1
604 1
606 1
611 1
615 1
625 1
630 1
637 1
641 1
651 2
659 1
663 1
675 1
679 1
706 1
710 1
722 1
728 1
771 1
776 1
782 1
807 1
823 1
838 1
930 1
950 1
977 1
1053 1
1171 1
1317 1
1318 1
1320 1
1323 1
1333 1
1335 1
1338 1
1351 1
1371 1
1378 1
1432 1
1473 1
1574 1
1631 1
1650 1
1671 1
1688 1
1718 1
1739 1
1760 1
1783 1
1807 1
1942 1
2026 1
2073 1
2656 1
2690 1
2771 1
2886 1
2938 1
3055 1
3105 1
3145 1
3263 1
3462 1
3508 1
3592 1
3638 1
3700 1
3744 1
3902 1
4213 1
4324 1
4429 1
4739 1
4798 1
5127 1
5175 1
5228 1
5490 1
5636 1
5867 1
5941 1
6215 1
6279 1
6358 1
6441 1
6675 1
6860 1
7060 1
7106 1
7157 1
7311 1
7485 1
7593 1
7701 1
7828 1
7908 1
8092 1
8138 1
8258 1
8776 1
8819 1
8930 1
9072 1
9119 1
9177 1
9291 1
9348 1
9457 1
9538 1
9664 1
9730 1
9810 1
9856 1
9913 1
10068 1
10160 1
10262 1
10505 1
10556 1
10617 1
10705 1
10940 1
11013 1
11097 1
11204 1
11594 1
11903 1
12398 1
12484 1
12554 1
12603 1
12656 1
12766 1
12868 1
13080 1
13262 1
13311 1
13386 1
13463 1
13523 1
13601 1
13641 1
13691 1
13869 1
13997 1
14096 1
14360 1
14452 1
14849 1
14903 1
14956 1
15188 1
15267 1
15348 1
15692 1
15759 1
15851 1
15923 1
15977 1
16053 1
16101 1
16202 1
16293 1
16423 1
16470 1
16599 1
16653 1
16725 1
16886 1
16939 1
16987 1
17030 1
17101 1
17165 1
17248 1
17344 1
17661 1
17714 1
18004 1
18071 1
19089 1
