107 1
108 10
109 27
110 74
111 191
112 396
113 871
114 1702
115 3221
116 5632
117 9584
118 14799
119 21510
120 30470
121 40088
122 49751
123 57745
124 63640
125 66696
126 66269
127 62412
128 55634
129 48388
130 40823
131 34951
132 29072
133 24037
134 20281
135 17355
136 14809
137 13592
138 11947
139 11337
140 11014
141 10310
142 9619
143 8673
144 7868
145 7450
146 6873
147 6158
148 5857
149 5528
150 4960
151 4630
152 4278
153 4076
154 3866
155 3653
156 3370
157 3158
158 2971
159 2837
160 2552
161 2649
162 2231
163 2039
164 2094
165 1955
166 1869
167 1686
168 1620
169 1384
170 1560
171 1549
172 1582
173 1459
174 1478
175 1336
176 1236
177 1222
178 1116
179 1004
180 1137
181 1019
182 1056
183 1070
184 989
185 895
186 838
187 785
188 690
189 643
190 589
191 707
192 632
193 642
194 649
195 669
196 562
197 553
198 531
199 478
200 487
201 444
202 439
203 440
204 376
205 428
206 486
207 350
208 411
209 405
210 334
211 278
212 305
213 271
214 200
215 234
216 233
217 220
218 240
219 327
220 281
221 287
222 248
223 244
224 247
225 210
226 185
227 169
228 116
229 156
230 118
231 147
232 160
233 183
234 236
235 253
236 197
237 181
238 208
239 160
240 168
241 119
242 115
243 110
244 126
245 114
246 117
247 97
248 77
249 96
250 132
251 123
252 133
253 115
254 110
255 151
256 85
257 52
258 53
259 92
260 72
261 68
262 56
263 65
264 61
265 59
266 77
267 77
268 85
269 97
270 86
271 75
272 104
273 58
274 44
275 50
276 34
277 36
278 32
279 42
280 74
281 29
282 38
283 59
284 51
285 40
286 70
287 64
288 44
289 54
290 45
291 47
292 21
293 38
294 28
295 24
296 39
297 31
298 34
299 24
300 27
301 37
302 25
303 52
304 35
305 31
306 29
307 27
308 29
309 33
310 19
311 14
312 12
313 17
314 13
315 15
316 13
317 18
318 12
319 13
320 22
321 27
322 35
323 26
324 32
325 19
326 24
327 11
328 18
329 13
330 16
331 10
332 10
333 7
334 20
335 6
336 7
337 7
338 16
339 18
340 14
341 28
342 22
343 15
344 15
345 30
346 34
347 13
348 6
349 7
350 3
351 3
352 7
353 3
354 4
355 4
356 5
357 3
358 3
359 8
360 4
361 4
362 11
363 5
364 11
365 14
366 8
367 8
368 15
369 15
370 10
371 13
372 8
373 4
374 4
375 7
376 4
377 3
378 6
379 1
380 3
381 4
382 4
383 3
384 4
385 13
386 11
387 12
388 7
389 6
390 7
391 7
392 7
393 4
394 1
395 4
396 4
397 3
398 3
399 3
400 3
401 3
402 3
403 3
404 4
405 4
406 3
407 6
408 4
409 8
410 1
411 5
412 6
413 8
414 9
415 1
416 3
417 1
418 3
419 1
420 1
421 2
422 2
424 1
425 3
426 1
427 2
428 1
429 1
430 2
431 2
432 2
434 1
439 1
448 1
460 1
479 1
487 1
490 1
491 1
494 1
499 1
502 1
506 1
509 2
512 1
514 2
517 1
518 1
520 2
521 1
522 1
523 1
530 1
534 1
540 1
541 1
542 1
544 1
547 1
557 1
562 1
563 1
565 1
567 1
568 1
573 2
575 1
576 1
577 2
578 1
581 1
583 1
588 1
592 1
595 1
601 1
608 1
609 1
614 1
624 1
630 1
666 1
735 1
747 1
760 1
773 1
784 1
809 1
810 1
812 1
814 2
817 1
818 1
821 1
823 1
828 1
829 1
830 1
831 1
832 1
836 1
842 1
843 1
845 1
855 1
856 1
859 1
860 1
862 1
863 1
883 1
889 1
892 1
896 1
901 1
904 1
905 1
921 1
930 1
936 1
938 1
941 1
945 1
950 2
961 1
1057 1
1104 1
1121 1
1264 1
1519 1
1557 1
1584 1
1645 1
1806 1
1919 1
2625 1
2860 1
3170 1
3221 1
3396 1
3482 1
3602 1
3648 1
4184 1
4385 1
4437 1
4850 1
4905 1
5191 1
5318 1
5597 1
5702 1
5848 1
5900 1
5957 1
6032 1
6088 1
6360 1
6594 1
6676 1
6807 1
6874 1
7127 1
7176 1
7287 1
7384 1
7543 1
7766 1
7807 1
7921 1
8011 1
8058 1
8108 1
8188 1
8257 1
8597 1
8991 1
9043 1
9115 1
9220 1
9301 1
9364 1
9439 1
9581 1
9852 1
10162 1
10218 1
11156 1
