105 2
106 4
107 5
108 19
109 31
110 82
111 184
112 355
113 755
114 1531
115 3260
116 5774
117 9131
118 14556
119 22719
120 30520
121 39790
122 49588
123 59410
124 64584
125 64778
126 63852
127 62038
128 55947
129 47907
130 41431
131 35548
132 29441
133 24964
134 20491
135 17447
136 14812
137 13583
138 12037
139 11492
140 10785
141 10257
142 9256
143 8268
144 7188
145 7989
146 7478
147 6254
148 5344
149 5493
150 5387
151 4645
152 4596
153 4411
154 3793
155 3471
156 3180
157 2943
158 2865
159 2662
160 2587
161 2576
162 2207
163 2169
164 2072
165 1955
166 1886
167 1604
168 1446
169 1540
170 1658
171 1645
172 1594
173 1507
174 1429
175 1430
176 1388
177 1302
178 1164
179 1058
180 938
181 994
182 1038
183 963
184 908
185 804
186 708
187 744
188 694
189 852
190 726
191 712
192 750
193 682
194 560
195 516
196 499
197 523
198 470
199 413
200 349
201 417
202 423
203 424
204 427
205 411
206 393
207 434
208 427
209 438
210 304
211 311
212 323
213 307
214 280
215 254
216 218
217 245
218 254
219 271
220 334
221 324
222 305
223 295
224 238
225 135
226 157
227 128
228 145
229 171
230 158
231 160
232 208
233 178
234 228
235 193
236 210
237 211
238 203
239 189
240 176
241 91
242 85
243 72
244 53
245 71
246 91
247 139
248 127
249 135
250 145
251 137
252 167
253 158
254 122
255 105
256 93
257 72
258 43
259 59
260 65
261 62
262 51
263 49
264 74
265 115
266 93
267 105
268 69
269 83
270 87
271 70
272 44
273 68
274 95
275 54
276 54
277 33
278 16
279 15
280 28
281 43
282 61
283 51
284 51
285 58
286 62
287 51
288 73
289 66
290 46
291 33
292 37
293 16
294 12
295 17
296 38
297 27
298 30
299 40
300 24
301 49
302 66
303 32
304 31
305 32
306 21
307 24
308 14
309 21
310 15
311 18
312 12
313 18
314 16
315 17
316 17
317 26
318 28
319 19
320 18
321 13
322 28
323 39
324 44
325 36
326 38
327 21
328 16
329 9
330 9
331 7
332 16
333 5
334 11
335 10
336 8
337 9
338 6
339 6
340 6
341 11
342 11
343 15
344 10
345 14
346 14
347 16
348 19
349 16
350 9
351 15
352 12
353 9
354 7
355 4
356 7
357 3
358 2
359 4
360 4
361 15
362 11
363 13
364 10
365 14
366 13
367 11
368 9
369 12
370 18
371 7
372 6
373 1
374 4
375 4
376 6
377 3
378 2
379 2
380 5
381 3
382 3
383 9
384 10
385 11
386 13
387 7
388 5
389 5
390 5
391 4
392 1
393 4
394 4
395 2
396 3
397 1
398 3
399 4
400 2
401 3
402 1
403 6
404 8
405 3
406 4
407 5
408 6
409 4
410 4
412 2
413 3
414 3
415 1
416 1
417 2
419 2
420 2
421 2
422 1
423 1
424 2
425 1
426 6
427 4
428 1
429 4
430 1
431 2
432 2
433 1
434 3
436 2
437 2
438 4
439 1
440 4
441 1
443 2
444 2
445 1
446 1
447 2
448 1
449 1
450 1
452 1
454 2
455 1
457 1
460 1
461 1
462 1
465 1
474 1
492 1
495 1
497 1
499 2
500 1
503 1
504 1
507 1
508 1
509 1
510 1
511 1
512 2
519 1
524 1
527 1
533 1
543 1
564 1
573 1
586 1
589 1
591 1
592 1
594 1
595 1
597 1
600 1
604 1
605 1
608 1
610 1
611 1
613 1
616 1
620 1
624 1
626 1
628 1
629 1
630 1
633 1
637 1
638 1
639 1
641 1
644 1
646 1
649 1
652 1
653 2
655 1
656 2
658 2
662 1
673 1
682 1
685 1
687 1
688 1
690 1
691 1
692 1
694 1
697 1
698 1
705 1
712 1
721 1
731 1
748 1
759 1
768 1
770 1
774 1
777 1
780 1
781 1
785 2
787 1
790 1
793 1
803 1
804 1
806 2
809 2
810 1
815 1
830 1
840 1
854 1
962 1
996 1
1825 1
1907 1
1932 1
1963 1
2010 1
2043 1
2077 1
2370 1
2391 1
2551 1
2599 1
2826 1
3009 1
3171 1
3279 1
3370 1
3410 1
3480 1
3521 1
3730 1
3795 1
3900 1
4582 1
5816 1
5911 1
6062 1
6103 1
6219 1
6280 1
6551 1
6602 1
6714 1
6753 1
6859 1
7345 1
7508 1
7680 1
8120 1
8232 1
8324 1
8400 1
8503 1
8579 1
11157 1
