106 1
107 4
108 17
109 41
110 108
111 217
112 480
113 863
114 1819
115 3273
116 5687
117 9268
118 14030
119 21473
120 29689
121 39703
122 49740
123 58636
124 64587
125 67114
126 65508
127 61996
128 55669
129 49665
130 41199
131 35795
132 28539
133 24109
134 20178
135 17423
136 15031
137 13795
138 12341
139 12025
140 10810
141 10075
142 9375
143 8697
144 7854
145 6991
146 6755
147 6584
148 5925
149 5161
150 4729
151 4473
152 4324
153 4138
154 3944
155 3688
156 3435
157 3168
158 2951
159 2674
160 2602
161 2544
162 2356
163 2133
164 2063
165 1897
166 1658
167 1555
168 1570
169 1568
170 1542
171 1525
172 1589
173 1458
174 1494
175 1390
176 1199
177 1157
178 1061
179 980
180 981
181 1062
182 1024
183 942
184 959
185 890
186 721
187 726
188 691
189 709
190 619
191 595
192 641
193 647
194 666
195 633
196 536
197 517
198 518
199 487
200 411
201 407
202 412
203 398
204 402
205 402
206 413
207 389
208 403
209 348
210 343
211 336
212 306
213 270
214 215
215 211
216 218
217 242
218 286
219 301
220 283
221 290
222 251
223 241
224 238
225 212
226 207
227 152
228 140
229 147
230 128
231 109
232 154
233 147
234 221
235 225
236 182
237 193
238 161
239 160
240 142
241 112
242 91
243 100
244 87
245 77
246 103
247 104
248 123
249 133
250 139
251 145
252 133
253 121
254 82
255 75
256 64
257 71
258 82
259 66
260 55
261 43
262 62
263 72
264 80
265 77
266 64
267 110
268 91
269 70
270 60
271 61
272 65
273 60
274 51
275 38
276 51
277 41
278 37
279 45
280 38
281 42
282 36
283 62
284 75
285 68
286 51
287 50
288 40
289 56
290 31
291 24
292 28
293 21
294 21
295 23
296 23
297 23
298 22
299 31
300 28
301 28
302 43
303 55
304 47
305 48
306 33
307 34
308 18
309 29
310 13
311 16
312 24
313 11
314 20
315 20
316 16
317 12
318 20
319 16
320 28
321 27
322 25
323 29
324 31
325 28
326 31
327 25
328 10
329 11
330 10
331 7
332 10
333 6
334 10
335 11
336 12
337 13
338 8
339 11
340 15
341 13
342 22
343 22
344 18
345 19
346 14
347 21
348 11
349 13
350 4
351 5
352 3
353 7
354 9
355 2
356 4
357 7
358 5
359 6
360 13
361 9
362 9
363 14
364 13
365 12
366 13
367 18
368 11
369 19
370 5
371 3
372 6
373 2
374 6
375 4
376 4
377 2
378 7
379 4
380 2
381 4
382 4
383 5
384 6
385 5
386 9
387 18
388 8
389 6
390 9
391 9
392 5
393 4
394 4
395 5
396 3
397 3
398 4
399 2
400 2
401 4
402 4
403 3
404 5
405 6
406 2
407 6
408 2
409 2
410 3
411 5
412 6
413 3
414 3
415 2
417 1
418 3
419 5
420 1
422 4
423 2
424 2
425 2
426 5
427 1
428 6
429 1
430 2
431 5
432 4
433 6
434 4
435 1
436 2
437 5
438 4
439 1
440 3
442 3
443 3
445 2
446 1
447 2
448 1
449 1
450 1
451 2
452 2
453 1
454 1
456 3
457 1
459 2
460 2
462 3
464 2
465 1
466 1
467 1
470 1
473 2
475 2
476 2
478 1
479 1
480 1
482 2
483 1
485 1
486 1
489 1
492 1
496 1
503 1
505 1
509 2
512 1
513 1
516 1
517 1
519 1
520 1
521 1
522 1
524 1
526 1
527 1
530 1
532 1
541 1
544 1
545 1
549 1
554 1
561 1
569 1
578 1
587 1
598 1
607 1
612 1
624 1
625 1
627 1
632 2
636 1
648 1
651 1
653 1
654 2
656 1
659 1
663 1
667 1
674 1
681 1
687 1
709 1
727 1
761 1
763 1
765 1
768 1
770 1
773 2
774 1
780 1
784 1
791 1
795 1
798 1
801 1
804 2
808 1
819 1
830 1
847 1
873 1
884 1
890 1
898 1
907 1
931 1
945 1
948 1
951 1
955 1
973 2
975 2
977 1
978 1
985 1
999 1
1013 1
1019 1
1119 1
1298 1
1314 1
1331 1
1351 1
1437 1
1518 1
1729 1
1794 1
2014 1
2047 1
2229 1
2261 1
2396 1
2453 1
2539 1
2574 1
2610 1
2650 1
2804 1
3214 1
3239 1
3325 1
3350 1
3380 1
3424 1
3643 1
3706 1
3896 1
3927 1
3970 1
4144 1
4349 1
4863 1
5129 1
5178 1
5414 1
5453 1
5506 1
5567 1
5668 1
5709 1
5775 1
5995 1
6160 1
6202 1
6305 1
6350 1
6714 1
6813 1
6982 1
7038 1
7284 1
7631 1
7680 1
7727 1
7847 1
7990 1
8181 1
8325 1
8411 1
8489 1
9375 1
9906 1
11155 1
