106 3
107 5
108 12
109 32
110 77
111 188
112 397
113 864
114 1743
115 3261
116 5837
117 9701
118 15058
119 22307
120 30838
121 40608
122 50521
123 58476
124 64025
125 66557
126 65156
127 61895
128 55923
129 49429
130 41150
131 34417
132 29079
133 24057
134 20062
135 17296
136 15128
137 13355
138 12158
139 11025
140 10296
141 9687
142 9249
143 8618
144 8107
145 7501
146 7014
147 6369
148 5862
149 5419
150 5015
151 4627
152 4370
153 4017
154 3731
155 3535
156 3188
157 3045
158 2871
159 2723
160 2595
161 2455
162 2377
163 2192
164 2026
165 1860
166 1724
167 1612
168 1547
169 1546
170 1603
171 1585
172 1576
173 1556
174 1472
175 1381
176 1210
177 1161
178 1104
179 985
180 1124
181 989
182 974
183 973
184 922
185 846
186 705
187 756
188 717
189 586
190 629
191 616
192 607
193 623
194 567
195 646
196 552
197 482
198 455
199 498
200 424
201 392
202 357
203 375
204 419
205 432
206 383
207 389
208 365
209 361
210 351
211 332
212 318
213 272
214 237
215 208
216 279
217 254
218 283
219 299
220 270
221 294
222 263
223 225
224 223
225 217
226 186
227 149
228 139
229 148
230 148
231 138
232 188
233 193
234 181
235 189
236 195
237 200
238 166
239 179
240 152
241 128
242 103
243 84
244 91
245 88
246 110
247 88
248 102
249 108
250 118
251 112
252 121
253 132
254 122
255 90
256 82
257 81
258 67
259 59
260 66
261 71
262 66
263 72
264 65
265 71
266 82
267 84
268 103
269 77
270 68
271 64
272 66
273 48
274 46
275 51
276 41
277 33
278 42
279 41
280 38
281 39
282 44
283 41
284 50
285 57
286 60
287 61
288 46
289 57
290 41
291 46
292 24
293 24
294 26
295 28
296 19
297 28
298 32
299 21
300 29
301 26
302 31
303 36
304 26
305 38
306 39
307 23
308 26
309 31
310 20
311 13
312 13
313 23
314 15
315 14
316 12
317 19
318 13
319 14
320 18
321 21
322 21
323 32
324 25
325 22
326 32
327 24
328 19
329 13
330 17
331 13
332 11
333 11
334 11
335 11
336 8
337 6
338 6
339 13
340 9
341 13
342 19
343 21
344 19
345 24
346 21
347 20
348 12
349 11
350 14
351 7
352 7
353 8
354 4
355 3
356 5
357 7
358 6
359 3
360 8
361 8
362 14
363 10
364 21
365 18
366 18
367 9
368 13
369 12
370 9
371 8
372 2
373 9
374 4
375 4
376 2
377 3
378 3
379 3
380 3
381 6
382 4
383 2
384 7
385 11
386 6
387 6
388 10
389 7
390 5
391 2
392 2
393 2
394 2
395 1
396 4
397 4
398 5
399 4
400 3
401 1
402 7
403 7
404 5
405 4
406 10
407 1
408 5
409 4
410 7
411 3
412 3
413 2
415 1
416 3
417 1
418 2
419 3
420 1
422 2
423 1
424 1
425 1
426 2
427 3
428 1
429 2
430 1
431 4
433 1
434 3
435 1
437 2
439 3
440 4
441 3
443 2
444 1
445 2
446 2
448 2
449 1
450 1
453 1
454 1
456 2
459 1
462 2
464 1
466 1
470 1
473 1
474 1
476 1
479 1
480 1
482 1
483 1
485 1
495 1
501 1
506 1
518 1
521 1
522 1
524 1
526 1
528 1
530 1
549 1
558 1
571 1
585 1
587 1
589 1
592 1
595 1
599 1
600 1
601 1
604 1
608 1
609 1
610 1
612 1
617 1
619 1
634 1
636 1
640 3
644 1
648 1
649 1
651 1
653 1
656 1
657 1
662 1
678 2
681 1
682 1
686 1
694 1
702 1
718 1
747 1
757 1
768 1
795 1
850 1
895 1
934 1
950 1
989 1
1029 1
1099 1
1150 1
1176 1
1192 1
1195 1
1198 1
1204 1
1209 1
1213 1
1219 1
1236 1
1252 1
1289 1
1361 1
1371 1
1382 1
1414 1
1510 1
1609 1
1710 1
1779 1
1857 1
1879 1
1907 1
1980 1
2013 1
2090 1
2121 1
2184 1
2285 1
2374 1
2455 1
2606 1
2745 1
2811 1
2890 1
2958 1
3137 1
3320 1
3378 1
3419 1
3531 1
3675 1
3731 1
3972 1
4212 1
4327 1
4918 1
4963 1
5064 1
5106 1
5212 1
5288 1
5373 1
5486 1
5580 1
5723 1
5771 1
5858 1
6074 1
6131 1
6249 1
6297 1
6490 1
6554 1
6645 1
6881 1
6992 1
7198 1
7303 1
7358 1
7403 1
7461 1
7538 1
7631 1
7854 1
8293 1
8395 1
8658 1
8713 1
8888 1
9113 1
9173 1
9304 1
9524 1
9569 1
9617 1
9707 1
11127 1
